1 -2.647059 1.250000 -4.322034 -4.583333 
1 -3.235294 -0.833333 -4.322034 -4.583333 
1 -3.823529 0.000000 -4.491525 -4.583333 
1 -4.117647 -0.416667 -4.152542 -4.583333 
1 -2.941176 1.666667 -4.322034 -4.583333 
1 -1.764706 2.916667 -3.813559 -3.750000 
1 -4.117647 0.833333 -4.322034 -4.166667 
1 -2.941176 0.833333 -4.152542 -4.583333 
1 -4.705882 -1.250000 -4.322034 -4.583333 
1 -3.235294 -0.416667 -4.152542 -5.000000 
1 -1.764706 2.083333 -4.152542 -4.583333 
1 -3.529412 0.833333 -3.983051 -4.583333 
1 -3.529412 -0.833333 -4.322034 -5.000000 
1 -5.000000 -0.833333 -4.830508 -5.000000 
1 -0.588235 3.333333 -4.661017 -4.583333 
1 -0.882353 5.000000 -4.152542 -3.750000 
1 -1.764706 2.916667 -4.491525 -3.750000 
1 -2.647059 1.250000 -4.322034 -4.166667 
1 -0.882353 2.500000 -3.813559 -4.166667 
1 -2.647059 2.500000 -4.152542 -4.166667 
1 -1.764706 0.833333 -3.813559 -4.583333 
1 -2.647059 2.083333 -4.152542 -3.750000 
1 -4.117647 1.666667 -5.000000 -4.583333 
1 -2.647059 0.416667 -3.813559 -3.333333 
1 -3.529412 0.833333 -3.474576 -4.583333 
1 -2.941176 -0.833333 -3.983051 -4.583333 
1 -2.941176 0.833333 -3.983051 -3.750000 
1 -2.352941 1.250000 -4.152542 -4.583333 
1 -2.352941 0.833333 -4.322034 -4.583333 
1 -3.823529 0.000000 -3.983051 -4.583333 
2 2.941176 0.000000 1.271186 0.416667 
2 1.176471 0.000000 0.932203 0.833333 
2 2.647059 -0.416667 1.610169 0.833333 
2 -1.470588 -3.750000 0.084746 0.000000 
2 1.470588 -1.666667 1.101695 0.833333 
2 -0.882353 -1.666667 0.932203 0.000000 
2 0.882353 0.416667 1.271186 1.250000 
2 -3.235294 -3.333333 -1.101695 -1.250000 
2 1.764706 -1.250000 1.101695 0.000000 
2 -2.352941 -2.083333 -0.084746 0.416667 
2 -2.941176 -5.000000 -0.762712 -1.250000 
2 -0.294118 -0.833333 0.423729 0.833333 
2 0.000000 -4.166667 0.084746 -1.250000 
2 0.294118 -1.250000 1.271186 0.416667 
2 -1.176471 -1.250000 -0.593220 0.000000 
2 2.058824 -0.416667 0.762712 0.416667 
2 -1.176471 -0.833333 0.932203 0.833333 
2 -0.588235 -2.083333 0.254237 -1.250000 
2 0.588235 -4.166667 0.932203 0.833333 
2 -1.176471 -2.916667 -0.084746 -0.833333 
2 -0.294118 0.000000 1.440678 2.083333 
2 0.294118 -1.666667 0.084746 0.000000 
2 0.882353 -2.916667 1.610169 0.833333 
2 0.294118 -1.666667 1.271186 -0.416667 
2 1.176471 -1.250000 0.593220 0.000000 
2 1.764706 -0.833333 0.762712 0.416667 
2 2.352941 -1.666667 1.440678 0.416667 
2 2.058824 -0.833333 1.779661 1.666667 
2 0.000000 -1.250000 0.932203 0.833333 
2 -0.882353 -2.500000 -0.762712 -1.250000 
3 0.882353 0.416667 3.474576 5.000000 
3 -0.588235 -2.083333 1.949153 2.500000 
3 3.235294 -0.833333 3.305085 3.333333 
3 0.882353 -1.250000 2.796610 2.083333 
3 1.470588 -0.833333 3.135593 3.750000 
3 4.705882 -0.833333 4.491525 3.333333 
3 -3.235294 -2.916667 0.932203 1.666667 
3 3.823529 -1.250000 3.983051 2.083333 
3 2.058824 -2.916667 3.135593 2.083333 
3 3.529412 1.666667 3.644068 5.000000 
3 1.470588 0.000000 1.949153 2.916667 
3 1.176471 -2.083333 2.288136 2.500000 
3 2.352941 -0.833333 2.627119 3.333333 
3 -0.882353 -2.916667 1.779661 2.916667 
3 -0.588235 -1.666667 1.949153 4.583333 
3 1.176471 0.000000 2.288136 4.166667 
3 1.470588 -0.833333 2.627119 2.083333 
3 5.000000 2.500000 4.661017 3.750000 
3 5.000000 -2.500000 5.000000 4.166667 
3 0.000000 -4.166667 1.779661 0.833333 
3 2.647059 0.000000 2.966102 4.166667 
3 -1.176471 -1.666667 1.610169 2.916667 
3 5.000000 -1.666667 4.661017 2.916667 
3 0.882353 -2.083333 1.610169 2.083333 
3 2.058824 0.416667 2.966102 3.333333 
3 3.529412 0.000000 3.474576 2.083333 
3 0.588235 -1.666667 1.440678 2.083333 
3 0.294118 -0.833333 1.610169 2.083333 
3 1.176471 -1.666667 2.796610 3.333333 
3 3.529412 -0.833333 3.135593 1.250000 
